##engines
[formula1-2007]
#engineparams
0.02 20000 19000 5000 1.2 
#rpmValue
0 1000 2000 3000 4000 5000 6000 7000 8000 9000 10000 11000 12000 13000 14000 15000 16000 17000 18000 19000 20000 
#tqValue
0 150 200 220 250 300 320 340 370 360 400 410 405 402 403 404 390 380 370 360 320 
#turboS
0
#turbo
3000 1 0.75 

[formula1-1980-turbo]
#engineparams
0.02 20000 19000 5000 1.2 
#rpmValue
0 1000 2000 3000 4000 5000 6000 7000 8000 9000 10000 11000 12000 13000 14000 15000 16000 17000 18000 19000 20000 
#tqValue
0 150 200 220 250 300 320 340 370 360 410 470 485 502 503 504 490 480 470 460 420 
#turboS
1
#turbo
5000 1 0.75

[formula1-2003]
#engineparams
0.02 20000 19000 5000 1.2 
#rpmValue
0 1000 2000 3000 4000 5000 6000 7000 8000 9000 10000 11000 12000 13000 14000 15000 16000 17000 18000 19000 20000 
#tqValue
0 150 200 220 250 300 320 340 370 360 410 470 485 502 503 504 490 480 470 460 420 
#turboS
1
#turbo
5000 1 0.75

[sc-f1]
#engineparams
0.115 20000 18700 5000 1.3 
#rpmValue
0 1000 2000 3000 4000 5000 6000 7000 8000 9000 10000 11000 12000 13000 14000 15000 16000 17000 18000 19000 20000 
#tqValue
1000 100 120 140 160 180 220 260 300 340 340 340 340 345 350 355 360 360 360 330 300 
#turboS
0
#turbo
3000 1 0.75

[pw-imprezawrc]
#engineparams
0.2423 10000 8200 1100 1.2 
#rpmValue
0 1000 2000 3000 4000 5000 6000 7000 8000 9000 10000 11000 12000 13000 14000 15000 16000 17000 18000 19000 20000 
#tqValue
1000 347.07 407.193 470.048 521.972 536.237 531.561 478.118 412.441 312.292 166.113 971 890 821 762 712 667 628 593 562 534 
#turboS
1
#turbo
3000 1 0.75

[clkdtm]
#engineparams
0.115 10000 8500 2000 1.1 
#rpmValue
0 1000 2000 3000 4000 5000 6000 7000 8000 9000 10000 11000 12000 13000 14000 15000 16000 17000 18000 19000 20000 
#tqValue
1000 347.07 407.193 470.048 521.972 536.237 531.561 478.118 412.441 312.292 166.113 971 890 821 762 712 667 628 593 562 534 
#turboS
1
#turbo
3000 1 0.75

[360-modena]
#engineparams
0.115 10000 9152 900 1.1 
#rpmValue
0 1000 2000 3000 4000 5000 6000 7000 8000 9000 10000 11000 12000 13000 14000 15000 16000 17000 18000 19000 20000 
#tqValue
1000 266.62 309.855 338.679 360.297 373 361.502 353.707 341.466 316.485 225.086 971 890 821 762 712 667 628 593 562 534 
#turboS
0
#turbo
3000 1 0.75

[kc-daytona]
#engineparams
0.2423 8000 7500 975 1.1 
#rpmValue
0 500 1000 1500 2000 2500 3000 3500 4000 4500 5000 5500 6000 6500 7000 7500 8000 8500 9000 9500 10000 
#tqValue
0 205 240 275 345 455 500 525 535 540 515 500 455 410 360 310 0 0 0 0 0 
#turboS
0
#turbo
3000 1 0.75